0,0,3.5
2,1,6.5
4,2,9.5
6,3,12.5
8,4,15.5
10,5,18.5
12,6,21.5
14,7,24.5
16,8,27.5
18,9,30.5
20,10,33.5
22,11,36.5
24,12,39.5
26,13,42.5
28,14,45.5
30,15,48.5
32,16,51.5
34,17,54.5
36,18,57.5
38,19,60.5
40,20,63.5
42,21,66.5
44,22,69.5
46,23,72.5
48,24,75.5
50,25,78.5
52,26,81.5
54,27,84.5
56,28,87.5
58,29,90.5
60,30,93.5
62,31,96.5
64,32,99.5
66,33,102.5
68,34,105.5
70,35,108.5
72,36,111.5
74,37,114.5
76,38,117.5
78,39,120.5
80,40,123.5
82,41,126.5
84,42,129.5
86,43,132.5
88,44,135.5
90,45,138.5
92,46,141.5
94,47,144.5
96,48,147.5
98,49,150.5
100,50,153.5
102,51,156.5
104,52,159.5
106,53,162.5
108,54,165.5
110,55,168.5
112,56,171.5
114,57,174.5
116,58,177.5
118,59,180.5
120,60,183.5
122,61,186.5
124,62,189.5
126,63,192.5
128,64,195.5
130,65,198.5
132,66,201.5
134,67,204.5
136,68,207.5
138,69,210.5
140,70,213.5
142,71,216.5
144,72,219.5
146,73,222.5
148,74,225.5
150,75,228.5
152,76,231.5
154,77,234.5
156,78,237.5
158,79,240.5
160,80,243.5
162,81,246.5
164,82,249.5
166,83,252.5
168,84,255.5
170,85,258.5
172,86,261.5
174,87,264.5
176,88,267.5
178,89,270.5
180,90,273.5
182,91,276.5
184,92,279.5
186,93,282.5
188,94,285.5
190,95,288.5
192,96,291.5
194,97,294.5
196,98,297.5
198,99,300.5
200,100,303.5
202,101,306.5
204,102,309.5
206,103,312.5
208,104,315.5
210,105,318.5
212,106,321.5
214,107,324.5
216,108,327.5
218,109,330.5
220,110,333.5
222,111,336.5
224,112,339.5
226,113,342.5
228,114,345.5
230,115,348.5
232,116,351.5
234,117,354.5
236,118,357.5
238,119,360.5
240,120,363.5
242,121,366.5
244,122,369.5
246,123,372.5
248,124,375.5
250,125,378.5
252,126,381.5
254,127,384.5
256,128,387.5
258,129,390.5
260,130,393.5
262,131,396.5
264,132,399.5
266,133,402.5
268,134,405.5
270,135,408.5
272,136,411.5
274,137,414.5
276,138,417.5
278,139,420.5
280,140,423.5
282,141,426.5
284,142,429.5
286,143,432.5
288,144,435.5
290,145,438.5
292,146,441.5
294,147,444.5
296,148,447.5
298,149,450.5
300,150,453.5
302,151,456.5
304,152,459.5
306,153,462.5
308,154,465.5
310,155,468.5
312,156,471.5
314,157,474.5
316,158,477.5
318,159,480.5
320,160,483.5
322,161,486.5
324,162,489.5
326,163,492.5
328,164,495.5
330,165,498.5
332,166,501.5
334,167,504.5
336,168,507.5
338,169,510.5
340,170,513.5
342,171,516.5
344,172,519.5
346,173,522.5
348,174,525.5
350,175,528.5
352,176,531.5
354,177,534.5
356,178,537.5
358,179,540.5
360,180,543.5
362,181,546.5
364,182,549.5
366,183,552.5
368,184,555.5
370,185,558.5
372,186,561.5
374,187,564.5
376,188,567.5
378,189,570.5
380,190,573.5
382,191,576.5
384,192,579.5
386,193,582.5
388,194,585.5
390,195,588.5
392,196,591.5
394,197,594.5
396,198,597.5
398,199,600.5
400,200,603.5
402,201,606.5
404,202,609.5
406,203,612.5
408,204,615.5
410,205,618.5
412,206,621.5
414,207,624.5
416,208,627.5
418,209,630.5
420,210,633.5
422,211,636.5
424,212,639.5
426,213,642.5
428,214,645.5
430,215,648.5
432,216,651.5
434,217,654.5
436,218,657.5
438,219,660.5
440,220,663.5
442,221,666.5
444,222,669.5
446,223,672.5
448,224,675.5
450,225,678.5
452,226,681.5
454,227,684.5
456,228,687.5
458,229,690.5
460,230,693.5
462,231,696.5
464,232,699.5
466,233,702.5
468,234,705.5
470,235,708.5
472,236,711.5
474,237,714.5
476,238,717.5
478,239,720.5
480,240,723.5
482,241,726.5
484,242,729.5
486,243,732.5
488,244,735.5
490,245,738.5
492,246,741.5
494,247,744.5
496,248,747.5
498,249,750.5
500,250,753.5
502,251,756.5
504,252,759.5
506,253,762.5
508,254,765.5
510,255,768.5
512,256,771.5
514,257,774.5
516,258,777.5
518,259,780.5
520,260,783.5
522,261,786.5
524,262,789.5
526,263,792.5
528,264,795.5
530,265,798.5
532,266,801.5
534,267,804.5
536,268,807.5
538,269,810.5
540,270,813.5
542,271,816.5
544,272,819.5
546,273,822.5
548,274,825.5
550,275,828.5
552,276,831.5
554,277,834.5
556,278,837.5
558,279,840.5
560,280,843.5
562,281,846.5
564,282,849.5
566,283,852.5
568,284,855.5
570,285,858.5
572,286,861.5
574,287,864.5
576,288,867.5
578,289,870.5
580,290,873.5
582,291,876.5
584,292,879.5
586,293,882.5
588,294,885.5
590,295,888.5
592,296,891.5
594,297,894.5
596,298,897.5
598,299,900.5
600,300,903.5
602,301,906.5
604,302,909.5
606,303,912.5
608,304,915.5
610,305,918.5
612,306,921.5
614,307,924.5
616,308,927.5
618,309,930.5
620,310,933.5
622,311,936.5
624,312,939.5
626,313,942.5
628,314,945.5
630,315,948.5
632,316,951.5
634,317,954.5
636,318,957.5
638,319,960.5
640,320,963.5
642,321,966.5
644,322,969.5
646,323,972.5
648,324,975.5
650,325,978.5
652,326,981.5
654,327,984.5
656,328,987.5
658,329,990.5
660,330,993.5
662,331,996.5
664,332,999.5
666,333,1002.5
668,334,1005.5
670,335,1008.5
672,336,1011.5
674,337,1014.5
676,338,1017.5
678,339,1020.5
680,340,1023.5
682,341,1026.5
684,342,1029.5
686,343,1032.5
688,344,1035.5
690,345,1038.5
692,346,1041.5
694,347,1044.5
696,348,1047.5
698,349,1050.5
700,350,1053.5
702,351,1056.5
704,352,1059.5
706,353,1062.5
708,354,1065.5
710,355,1068.5
712,356,1071.5
714,357,1074.5
716,358,1077.5
718,359,1080.5
720,360,1083.5
722,361,1086.5
724,362,1089.5
726,363,1092.5
728,364,1095.5
730,365,1098.5
732,366,1101.5
734,367,1104.5
736,368,1107.5
738,369,1110.5
740,370,1113.5
742,371,1116.5
744,372,1119.5
746,373,1122.5
748,374,1125.5
750,375,1128.5
752,376,1131.5
754,377,1134.5
756,378,1137.5
758,379,1140.5
760,380,1143.5
762,381,1146.5
764,382,1149.5
766,383,1152.5
768,384,1155.5
770,385,1158.5
772,386,1161.5
774,387,1164.5
776,388,1167.5
778,389,1170.5
780,390,1173.5
782,391,1176.5
784,392,1179.5
786,393,1182.5
788,394,1185.5
790,395,1188.5
792,396,1191.5
794,397,1194.5
796,398,1197.5
798,399,1200.5
800,400,1203.5
802,401,1206.5
804,402,1209.5
806,403,1212.5
808,404,1215.5
810,405,1218.5
812,406,1221.5
814,407,1224.5
816,408,1227.5
818,409,1230.5
820,410,1233.5
822,411,1236.5
824,412,1239.5
826,413,1242.5
828,414,1245.5
830,415,1248.5
832,416,1251.5
834,417,1254.5
836,418,1257.5
838,419,1260.5
840,420,1263.5
842,421,1266.5
844,422,1269.5
846,423,1272.5
848,424,1275.5
850,425,1278.5
852,426,1281.5
854,427,1284.5
856,428,1287.5
858,429,1290.5
860,430,1293.5
862,431,1296.5
864,432,1299.5
866,433,1302.5
868,434,1305.5
870,435,1308.5
872,436,1311.5
874,437,1314.5
876,438,1317.5
878,439,1320.5
880,440,1323.5
882,441,1326.5
884,442,1329.5
886,443,1332.5
888,444,1335.5
890,445,1338.5
892,446,1341.5
894,447,1344.5
896,448,1347.5
898,449,1350.5
900,450,1353.5
902,451,1356.5
904,452,1359.5
906,453,1362.5
908,454,1365.5
910,455,1368.5
912,456,1371.5
914,457,1374.5
916,458,1377.5
918,459,1380.5
920,460,1383.5
922,461,1386.5
924,462,1389.5
926,463,1392.5
928,464,1395.5
930,465,1398.5
932,466,1401.5
934,467,1404.5
936,468,1407.5
938,469,1410.5
940,470,1413.5
942,471,1416.5
944,472,1419.5
946,473,1422.5
948,474,1425.5
950,475,1428.5
952,476,1431.5
954,477,1434.5
956,478,1437.5
958,479,1440.5
960,480,1443.5
962,481,1446.5
964,482,1449.5
966,483,1452.5
968,484,1455.5
970,485,1458.5
972,486,1461.5
974,487,1464.5
976,488,1467.5
978,489,1470.5
980,490,1473.5
982,491,1476.5
984,492,1479.5
986,493,1482.5
988,494,1485.5
990,495,1488.5
992,496,1491.5
994,497,1494.5
996,498,1497.5
998,499,1500.5
1000,500,1503.5
1002,501,1506.5
1004,502,1509.5
1006,503,1512.5
1008,504,1515.5
1010,505,1518.5
1012,506,1521.5
1014,507,1524.5
1016,508,1527.5
1018,509,1530.5
1020,510,1533.5
1022,511,1536.5
1024,512,1539.5
1026,513,1542.5
1028,514,1545.5
1030,515,1548.5
1032,516,1551.5
1034,517,1554.5
1036,518,1557.5
1038,519,1560.5
1040,520,1563.5
1042,521,1566.5
1044,522,1569.5
1046,523,1572.5
1048,524,1575.5
1050,525,1578.5
1052,526,1581.5
1054,527,1584.5
1056,528,1587.5
1058,529,1590.5
1060,530,1593.5
1062,531,1596.5
1064,532,1599.5
1066,533,1602.5
1068,534,1605.5
1070,535,1608.5
1072,536,1611.5
1074,537,1614.5
1076,538,1617.5
1078,539,1620.5
1080,540,1623.5
1082,541,1626.5
1084,542,1629.5
1086,543,1632.5
1088,544,1635.5
1090,545,1638.5
1092,546,1641.5
1094,547,1644.5
1096,548,1647.5
1098,549,1650.5
1100,550,1653.5
1102,551,1656.5
1104,552,1659.5
1106,553,1662.5
1108,554,1665.5
1110,555,1668.5
1112,556,1671.5
1114,557,1674.5
1116,558,1677.5
1118,559,1680.5
1120,560,1683.5
1122,561,1686.5
1124,562,1689.5
1126,563,1692.5
1128,564,1695.5
1130,565,1698.5
1132,566,1701.5
1134,567,1704.5
1136,568,1707.5
1138,569,1710.5
1140,570,1713.5
1142,571,1716.5
1144,572,1719.5
1146,573,1722.5
1148,574,1725.5
1150,575,1728.5
1152,576,1731.5
1154,577,1734.5
1156,578,1737.5
1158,579,1740.5
1160,580,1743.5
1162,581,1746.5
1164,582,1749.5
1166,583,1752.5
1168,584,1755.5
1170,585,1758.5
1172,586,1761.5
1174,587,1764.5
1176,588,1767.5
1178,589,1770.5
1180,590,1773.5
1182,591,1776.5
1184,592,1779.5
1186,593,1782.5
1188,594,1785.5
1190,595,1788.5
1192,596,1791.5
1194,597,1794.5
1196,598,1797.5
1198,599,1800.5
1200,600,1803.5
1202,601,1806.5
1204,602,1809.5
1206,603,1812.5
1208,604,1815.5
1210,605,1818.5
1212,606,1821.5
1214,607,1824.5
1216,608,1827.5
1218,609,1830.5
1220,610,1833.5
1222,611,1836.5
1224,612,1839.5
1226,613,1842.5
1228,614,1845.5
1230,615,1848.5
1232,616,1851.5
1234,617,1854.5
1236,618,1857.5
1238,619,1860.5
1240,620,1863.5
1242,621,1866.5
1244,622,1869.5
1246,623,1872.5
1248,624,1875.5
1250,625,1878.5
1252,626,1881.5
1254,627,1884.5
1256,628,1887.5
1258,629,1890.5
1260,630,1893.5
1262,631,1896.5
1264,632,1899.5
1266,633,1902.5
1268,634,1905.5
1270,635,1908.5
1272,636,1911.5
1274,637,1914.5
1276,638,1917.5
1278,639,1920.5
1280,640,1923.5
1282,641,1926.5
1284,642,1929.5
1286,643,1932.5
1288,644,1935.5
1290,645,1938.5
1292,646,1941.5
1294,647,1944.5
1296,648,1947.5
1298,649,1950.5
1300,650,1953.5
1302,651,1956.5
1304,652,1959.5
1306,653,1962.5
1308,654,1965.5
1310,655,1968.5
1312,656,1971.5
1314,657,1974.5
1316,658,1977.5
1318,659,1980.5
1320,660,1983.5
1322,661,1986.5
1324,662,1989.5
1326,663,1992.5
1328,664,1995.5
1330,665,1998.5
1332,666,2001.5
1334,667,2004.5
1336,668,2007.5
1338,669,2010.5
1340,670,2013.5
1342,671,2016.5
1344,672,2019.5
1346,673,2022.5
1348,674,2025.5
1350,675,2028.5
1352,676,2031.5
1354,677,2034.5
1356,678,2037.5
1358,679,2040.5
1360,680,2043.5
1362,681,2046.5
1364,682,2049.5
1366,683,2052.5
1368,684,2055.5
1370,685,2058.5
1372,686,2061.5
1374,687,2064.5
1376,688,2067.5
1378,689,2070.5
1380,690,2073.5
1382,691,2076.5
1384,692,2079.5
1386,693,2082.5
1388,694,2085.5
1390,695,2088.5
1392,696,2091.5
1394,697,2094.5
1396,698,2097.5
1398,699,2100.5
1400,700,2103.5
1402,701,2106.5
1404,702,2109.5
1406,703,2112.5
1408,704,2115.5
1410,705,2118.5
1412,706,2121.5
1414,707,2124.5
1416,708,2127.5
1418,709,2130.5
1420,710,2133.5
1422,711,2136.5
1424,712,2139.5
1426,713,2142.5
1428,714,2145.5
1430,715,2148.5
1432,716,2151.5
1434,717,2154.5
1436,718,2157.5
1438,719,2160.5
1440,720,2163.5
1442,721,2166.5
1444,722,2169.5
1446,723,2172.5
1448,724,2175.5
1450,725,2178.5
1452,726,2181.5
1454,727,2184.5
1456,728,2187.5
1458,729,2190.5
1460,730,2193.5
1462,731,2196.5
1464,732,2199.5
1466,733,2202.5
1468,734,2205.5
1470,735,2208.5
1472,736,2211.5
1474,737,2214.5
1476,738,2217.5
1478,739,2220.5
1480,740,2223.5
1482,741,2226.5
1484,742,2229.5
1486,743,2232.5
1488,744,2235.5
1490,745,2238.5
1492,746,2241.5
1494,747,2244.5
1496,748,2247.5
1498,749,2250.5
1500,750,2253.5
1502,751,2256.5
1504,752,2259.5
1506,753,2262.5
1508,754,2265.5
1510,755,2268.5
1512,756,2271.5
1514,757,2274.5
1516,758,2277.5
1518,759,2280.5
1520,760,2283.5
1522,761,2286.5
1524,762,2289.5
1526,763,2292.5
1528,764,2295.5
1530,765,2298.5
1532,766,2301.5
1534,767,2304.5
1536,768,2307.5
1538,769,2310.5
1540,770,2313.5
1542,771,2316.5
1544,772,2319.5
1546,773,2322.5
1548,774,2325.5
1550,775,2328.5
1552,776,2331.5
1554,777,2334.5
1556,778,2337.5
1558,779,2340.5
1560,780,2343.5
1562,781,2346.5
1564,782,2349.5
1566,783,2352.5
1568,784,2355.5
1570,785,2358.5
1572,786,2361.5
1574,787,2364.5
1576,788,2367.5
1578,789,2370.5
1580,790,2373.5
1582,791,2376.5
1584,792,2379.5
1586,793,2382.5
1588,794,2385.5
1590,795,2388.5
1592,796,2391.5
1594,797,2394.5
1596,798,2397.5
1598,799,2400.5
1600,800,2403.5
1602,801,2406.5
1604,802,2409.5
1606,803,2412.5
1608,804,2415.5
1610,805,2418.5
1612,806,2421.5
1614,807,2424.5
1616,808,2427.5
1618,809,2430.5
1620,810,2433.5
1622,811,2436.5
1624,812,2439.5
1626,813,2442.5
1628,814,2445.5
1630,815,2448.5
1632,816,2451.5
1634,817,2454.5
1636,818,2457.5
1638,819,2460.5
1640,820,2463.5
1642,821,2466.5
1644,822,2469.5
1646,823,2472.5
1648,824,2475.5
1650,825,2478.5
1652,826,2481.5
1654,827,2484.5
1656,828,2487.5
1658,829,2490.5
1660,830,2493.5
1662,831,2496.5
1664,832,2499.5
1666,833,2502.5
1668,834,2505.5
1670,835,2508.5
1672,836,2511.5
1674,837,2514.5
1676,838,2517.5
1678,839,2520.5
1680,840,2523.5
1682,841,2526.5
1684,842,2529.5
1686,843,2532.5
1688,844,2535.5
1690,845,2538.5
1692,846,2541.5
1694,847,2544.5
1696,848,2547.5
1698,849,2550.5
1700,850,2553.5
1702,851,2556.5
1704,852,2559.5
1706,853,2562.5
1708,854,2565.5
1710,855,2568.5
1712,856,2571.5
1714,857,2574.5
1716,858,2577.5
1718,859,2580.5
1720,860,2583.5
1722,861,2586.5
1724,862,2589.5
1726,863,2592.5
1728,864,2595.5
1730,865,2598.5
1732,866,2601.5
1734,867,2604.5
1736,868,2607.5
1738,869,2610.5
1740,870,2613.5
1742,871,2616.5
1744,872,2619.5
1746,873,2622.5
1748,874,2625.5
1750,875,2628.5
1752,876,2631.5
1754,877,2634.5
1756,878,2637.5
1758,879,2640.5
1760,880,2643.5
1762,881,2646.5
1764,882,2649.5
1766,883,2652.5
1768,884,2655.5
1770,885,2658.5
1772,886,2661.5
1774,887,2664.5
1776,888,2667.5
1778,889,2670.5
1780,890,2673.5
1782,891,2676.5
1784,892,2679.5
1786,893,2682.5
1788,894,2685.5
1790,895,2688.5
1792,896,2691.5
1794,897,2694.5
1796,898,2697.5
1798,899,2700.5
1800,900,2703.5
1802,901,2706.5
1804,902,2709.5
1806,903,2712.5
1808,904,2715.5
1810,905,2718.5
1812,906,2721.5
1814,907,2724.5
1816,908,2727.5
1818,909,2730.5
1820,910,2733.5
1822,911,2736.5
1824,912,2739.5
1826,913,2742.5
1828,914,2745.5
1830,915,2748.5
1832,916,2751.5
1834,917,2754.5
1836,918,2757.5
1838,919,2760.5
1840,920,2763.5
1842,921,2766.5
1844,922,2769.5
1846,923,2772.5
1848,924,2775.5
1850,925,2778.5
1852,926,2781.5
1854,927,2784.5
1856,928,2787.5
1858,929,2790.5
1860,930,2793.5
1862,931,2796.5
1864,932,2799.5
1866,933,2802.5
1868,934,2805.5
1870,935,2808.5
1872,936,2811.5
1874,937,2814.5
1876,938,2817.5
1878,939,2820.5
1880,940,2823.5
1882,941,2826.5
1884,942,2829.5
1886,943,2832.5
1888,944,2835.5
1890,945,2838.5
1892,946,2841.5
1894,947,2844.5
1896,948,2847.5
1898,949,2850.5
1900,950,2853.5
1902,951,2856.5
1904,952,2859.5
1906,953,2862.5
1908,954,2865.5
1910,955,2868.5
1912,956,2871.5
1914,957,2874.5
1916,958,2877.5
1918,959,2880.5
1920,960,2883.5
1922,961,2886.5
1924,962,2889.5
1926,963,2892.5
1928,964,2895.5
1930,965,2898.5
1932,966,2901.5
1934,967,2904.5
1936,968,2907.5
1938,969,2910.5
1940,970,2913.5
1942,971,2916.5
1944,972,2919.5
1946,973,2922.5
1948,974,2925.5
1950,975,2928.5
1952,976,2931.5
1954,977,2934.5
1956,978,2937.5
1958,979,2940.5
1960,980,2943.5
1962,981,2946.5
1964,982,2949.5
1966,983,2952.5
1968,984,2955.5
1970,985,2958.5
1972,986,2961.5
1974,987,2964.5
1976,988,2967.5
1978,989,2970.5
1980,990,2973.5
1982,991,2976.5
1984,992,2979.5
1986,993,2982.5
1988,994,2985.5
1990,995,2988.5
1992,996,2991.5
1994,997,2994.5
1996,998,2997.5
1998,999,3000.5
2000,1000,3003.5
